64qam power -30db 
5, 5.82E-3, 1.18E-3
10, 4.29E-3, 8.2E-4
15, 4.12E-3,7.7E-4
20, 3.81E-3, 6.9E-4
25, 3.30E-3, 6.1E-4

64qam gray
5, 8.31E-3, 1.38E-3
10, 5.07E-3, 8.4E-4
15, 4.34E-3, 7.2E-4
20, 4.14E-3, 6.9E-4
25, 2.94E-3, 4.9E-4

32psk
5, 5.61E-2, 1.48E-2
10, 5.25E-2, 1.35E-2
15, 4.87E-2, 1.25E-2
20, 4.63E-2, 1.15E-2
25, 4.25E-2, 1.05E-2

32psk gray
5, 4.93E-2, 9.97E-3
10, 4.59E-2, 9.23E-3
15, 4.22E-2, 8.47E-3
20, 4.25E-2, 8.53E-3
25, 4.37E-2, 8.78E-3

64qam gray rx
0, 5.92E-3, 9.8E-4
5, 5.31E-3, 8.8E-4
10, 4.93E-3, 8.2E-4
15, 5.21E-3, 8.6E-4
20, 4.48E-3, 7.4E-4

32psk gray rx
0, 4.25E-2, 8.53E-3
5, 4.02E-2, 8.03E-3
10, 3.90E-2, 7.84E-3
15, 3.94E-2, 7.89E-3
20, 4.48E-2, 8.97E-3